cam0=[1742.11 0 804.90; 0 1742.11 541.22; 0 0 1]
cam1=[1742.11 0 804.90; 0 1742.11 541.22; 0 0 1]
doffs=0
baseline=221.76
width=1920
height=1080
ndisp=100
vmin=29
vmax=61

Fundamental matrix:  [[ 4.31501295e-11  6.02157168e-08  1.92196692e-05]
 [-5.72590844e-08  6.90342514e-09  2.36403358e-03]
 [-2.02934909e-05 -2.37328857e-03  9.34548931e-03]]
Rotation matrix:  [array([[ 9.99997824e-01,  2.43267118e-04, -2.07203519e-03],
       [-2.50338444e-04,  9.99994144e-01, -3.41316842e-03],
       [ 2.07119275e-03,  3.41367971e-03,  9.99992028e-01]]), array([[ 9.99997824e-01,  2.43267118e-04, -2.07203519e-03],
       [-2.50338444e-04,  9.99994144e-01, -3.41316842e-03],
       [ 2.07119275e-03,  3.41367971e-03,  9.99992028e-01]]), array([[ 0.99513971, -0.04415026,  0.08802104],
       [-0.04445355, -0.99901035,  0.00148736],
       [ 0.08786826, -0.00539298, -0.99611751]]), array([[ 0.99513971, -0.04415026,  0.08802104],
       [-0.04445355, -0.99901035,  0.00148736],
       [ 0.08786826, -0.00539298, -0.99611751]])]
Translation matrix:  [array([ 0.99873531, -0.02237808,  0.04502231]), array([-0.99873531,  0.02237808, -0.04502231]), array([ 0.99873531, -0.02237808,  0.04502231]), array([-0.99873531,  0.02237808, -0.04502231])]
H1 for left:  [[ 2.31583563e-03 -5.67646385e-05 -4.26495247e-03]
 [ 2.07611756e-05  2.37346178e-03 -2.85745369e-02]
 [-5.86585924e-08  8.45810966e-09  2.42229786e-03]]
H1 for right:  [[ 9.74819010e-01 -2.18993182e-02  3.59993823e+01]
 [ 8.43692241e-03  1.00006277e+00 -8.13334182e+00]
 [-2.59674450e-05  5.83358896e-07  1.02461373e+00]]

