cam0=[1729.05 0 -364.24; 0 1729.05 552.22; 0 0 1]
cam1=[1729.05 0 -364.24; 0 1729.05 552.22; 0 0 1]
doffs=0
baseline=537.75
width=1920
height=1080
ndisp=180
vmin=25
vmax=150

Fundamental matrix:  [[ 6.21492198e-10  1.98240410e-07 -8.68276335e-05]
 [-2.08665160e-07  2.09098528e-08 -2.72574388e-03]
 [ 9.90968456e-05  2.72382660e-03 -1.44262669e-02]]
Rotation matrix:  [array([[ 0.99996301, -0.00369639, -0.00776605],
       [ 0.00373695,  0.99997942,  0.00521436],
       [ 0.00774662, -0.00524319,  0.99995625]]), array([[ 0.99996301, -0.00369639, -0.00776605],
       [ 0.00373695,  0.99997942,  0.00521436],
       [ 0.00774662, -0.00524319,  0.99995625]]), array([[ 0.96526467,  0.01510299, -0.26083713],
       [ 0.0135954 , -0.99987882, -0.00758331],
       [-0.26092006,  0.00377372, -0.96535304]]), array([[ 0.96526467,  0.01510299, -0.26083713],
       [ 0.0135954 , -0.99987882, -0.00758331],
       [-0.26092006,  0.00377372, -0.96535304]])]
Translation matrix:  [array([ 0.9917658 ,  0.00874689, -0.12776573]), array([-0.9917658 , -0.00874689,  0.12776573]), array([ 0.9917658 ,  0.00874689, -0.12776573]), array([-0.9917658 , -0.00874689,  0.12776573])]
H1 for left:  [[ 2.82720128e-03 -1.82476124e-04 -1.97826108e-01]
 [ 9.32463519e-05  2.72641644e-03 -9.18091876e-02]
 [ 1.95171005e-07 -1.82224462e-08  2.54883362e-03]]
H1 for right:  [[ 1.06507410e+00  7.66721720e-03 -6.66114299e+01]
 [ 2.94201761e-02  1.00023770e+00 -2.83717269e+01]
 [ 6.78125069e-05  4.88166242e-07  9.34636384e-01]]
