cam0=[1758.23 0 977.42; 0 1758.23 552.15; 0 0 1]
cam1=[1758.23 0 977.42; 0 1758.23 552.15; 0 0 1]
doffs=0
baseline=88.39
width=1920
height=1080
ndisp=220
vmin=55
vmax=195

Fundamental matrix:  [[-2.39886577e-10  3.44238579e-08 -4.85620892e-05]
 [-2.44648667e-08  2.31992558e-08  1.78878156e-03]
 [ 4.68606091e-05 -1.81789136e-03  1.81794577e-03]]


Rotation matrix:  [array([[ 0.99767052,  0.03579564,  0.05807063],
       [ 0.03516755, -0.99931174,  0.01180248],
       [ 0.05845313, -0.00973278, -0.99824271]]), array([[ 0.99767052,  0.03579564,  0.05807063],
       [ 0.03516755, -0.99931174,  0.01180248],
       [ 0.05845313, -0.00973278, -0.99824271]]), array([[ 0.99994281,  0.00149433, -0.01058959],
       [-0.00161086,  0.99993815, -0.01100487],
       [ 0.01057249,  0.0110213 ,  0.99988337]]), array([[ 0.99994281,  0.00149433, -0.01058959],
       [-0.00161086,  0.99993815, -0.01100487],
       [ 0.01057249,  0.0110213 ,  0.99988337]])]


Translation matrix:  [array([-0.99926273, -0.016786  , -0.03452857]), array([0.99926273, 0.016786  , 0.03452857]), array([-0.99926273, -0.016786  , -0.03452857]), array([0.99926273, 0.016786  , 0.03452857])]

H1 for left:  [[ 1.79931201e-03 -7.30409134e-05 -1.55604670e-01]
 [-4.75161618e-05  1.81858777e-03  4.59691437e-02]
 [-2.49240553e-08  2.30412490e-08  1.82350288e-03]]

H1 for right:  [[ 9.81000288e-01  1.67077493e-02  9.21753862e+00]
 [-2.76346447e-02  9.99674368e-01  2.67051003e+01]
 [-1.96403229e-05 -3.34501015e-07  1.01903534e+00]]
